{"cells":[{"cell_type":"code","execution_count":3,"metadata":{},"outputs":[],"source":"import numpy as np"},{"cell_type":"code","execution_count":7,"metadata":{},"outputs":[{"name":"stdout","output_type":"stream","text":"原始矩阵(5, 3)：\n[[-5  3 -2]\n [ 4 -3  2]\n [ 5  6 -4]\n [ 7  8  3]\n [-4 -5  3]]\n====================\n原始矩阵的转置矩阵(3, 5)：\n[[-5  4  5  7 -4]\n [ 3 -3  6  8 -5]\n [-2  2 -4  3  3]]\n====================\n转置矩阵的按行平均值(3, 1)：\n[[1.4]\n [1.8]\n [0.4]]\n====================\n转置矩阵的按行进行均值零化(3, 5)：\n[[-6.4  2.6  3.6  5.6 -5.4]\n [ 1.2 -4.8  4.2  6.2 -6.8]\n [-2.4  1.6 -4.4  2.6  2.6]]\n====================\n协方差矩阵(3, 3)：\n[[24.24 13.28  0.84]\n [13.28 25.36 -6.12]\n [ 0.84 -6.12  8.24]]\n====================\n协方差矩阵的特征值：[38.59096111 14.77799262  4.47104627]\n协方差矩阵的特征向量(3, 3)：\n[[-0.66943795 -0.65915454 -0.34259032]\n [-0.73158354  0.50489937  0.45810715]\n [ 0.12898977 -0.55730775  0.8202254 ]]\n====================\nP is (3, 3)：\n[[-0.66943795 -0.73158354  0.12898977]\n [-0.65915454  0.50489937 -0.55730775]\n [-0.34259032  0.45810715  0.8202254 ]]\n====================\n协方差对角矩阵 = P @ C @ P.T\n[[ 3.85909611e+01  1.12795218e-15  2.00573789e-15]\n [ 2.48821379e-15  1.47779926e+01 -7.98106851e-16]\n [ 3.10527320e-15 -7.13155930e-17  4.47104627e+00]]\n====================\n"}],"source":"x = np.random.randint(-5, 10, (5, 3))\nprint(f'原始矩阵{x.shape}：')\nprint(x)\nprint('='*20)\n\nX = x.T\nprint(f'原始矩阵的转置矩阵{X.shape}：')\nprint(X)\nprint('='*20)\n\nmu = X.mean(axis=1)[:, None]\nprint(f'转置矩阵的按行平均值{mu.shape}：')\nprint(mu)\nprint('='*20)\n\nA = X - mu\nprint(f'转置矩阵的按行进行均值零化{A.shape}：')\nprint(A)\nprint('='*20)\n\nC = (A @ A.T) / x.shape[0]\nprint(f'协方差矩阵{C.shape}：')\nprint(C)\nprint('='*20)\n\nD, V = np.linalg.eig(C)\nidx = D.argsort()[::-1]\nD = D[idx]\nV = V[:, idx]\nprint(f'协方差矩阵的特征值：{D}')\nprint(f'协方差矩阵的特征向量{V.shape}：')\nprint(V)\nprint('='*20)\n\nP = V.T\nprint(f'P is {P.shape}：')\nprint(P)\nprint('='*20)\n\nprint(f'协方差对角矩阵 = P @ C @ P.T')\nprint(P @ C @ P.T)\nprint('='*20)"}],"nbformat":4,"nbformat_minor":2,"metadata":{"language_info":{"name":"python","codemirror_mode":{"name":"ipython","version":3}},"orig_nbformat":2,"file_extension":".py","mimetype":"text/x-python","name":"python","npconvert_exporter":"python","pygments_lexer":"ipython3","version":3}}